   Year        ET       ETa  Drainage      Rain        WB
   2005   1814.26      5.54    688.47    512.90     -0.00    7.07
   2006   1850.07     20.83    429.05    452.70     -0.00   20.53
   2007   1783.47     27.71    715.66    757.60     -0.00   20.96
   2008   1797.62     62.50    501.55    564.70      0.00   27.93
   2009   1793.98     89.03    621.60    726.40     -0.00   26.47
   2010   1810.49     77.63    511.34    611.40     -0.00   15.60
   2011   1751.59    122.35    591.33    721.80     -0.00   18.07
   2012   1860.04     76.90    328.58    413.60      0.00    9.38
   2013   1858.37    121.37    162.11    306.00     -0.00   12.05
   2014   1771.45    120.57    304.62    425.40      0.00   10.32
   2015   1814.22    116.52    297.08    412.80     -0.00    8.26
   2016   1807.15    111.08    253.14    376.50      0.00    7.04
   2017   1811.63    107.11    205.60    312.60     -0.00    5.95
   2018   1769.67    142.66    362.14    540.50     -0.00    7.17
   2019   1841.40    131.42    460.99    608.70     -0.00    5.90
   2020   1798.78    118.67    366.14    496.90     -0.00    5.02
   2021   1802.69    161.79    427.64    597.00     -0.00    5.84
   2022   1820.23    138.44    273.16    403.60     -0.00    4.79
   2023   1808.34    152.31    338.47    525.60      0.00    4.76
   2024   1827.97    124.84    211.48    309.90     -0.00    3.75
   2025   1812.53    131.30    237.14    408.00      0.00    3.63
   2026   1840.58    135.36    259.65    401.30     -0.00    3.42
   2027   1831.13    165.55    363.33    529.20      0.00    4.10
   2028   1835.99    165.57    624.83    790.50      0.00    3.88
   2029   1816.39    135.84    347.40    495.70      0.00    2.87
   2030   1798.03    143.14    216.72    371.70      0.00    2.84
   2031   1790.88    166.80    395.02    602.10      0.00    3.27
   2032   1810.92    152.51    258.57    426.70     -0.00    2.75
   2033   1788.05    162.53    360.86    503.30     -0.00    2.87
   2034   1800.84    192.15    375.03    604.50     -0.00    3.22
   2035   1798.12    170.60    458.13    660.00      0.00    2.71
   2036   1787.61    210.99    572.48    807.60      0.00    3.33
   2037   1816.94    192.45    307.02    514.70      0.00    2.82
   2038   1811.24    162.82    319.17    493.40      0.00    2.26
   2039   1780.85    160.26    104.98    277.10     -0.00    2.22
   2040   1848.30    220.50    410.25    633.20      0.00    2.74
   2041   1803.30    163.78    475.98    642.00      0.00    2.06
   2042   1789.91    147.45    280.01    452.90      0.00    1.78
   2043   1805.05    159.89    362.35    548.10      0.00    1.83
   2044   1785.21    173.35    237.19    407.20      0.00    1.95
   2045   1818.73    198.04    429.19    620.00     -0.00    2.15
   2046   1804.08    163.02    245.16    434.30     -0.00    1.75
   2047   1802.58    139.63    244.52    387.50     -0.00    1.41
   2048   1828.59    194.11    235.07    464.50      0.00    1.85
   2049   1796.96    193.76    311.11    514.40      0.00    1.88
   2050   1827.45    150.66    261.93    391.50      0.00    1.38
   2051   1797.81    142.47    324.82    481.30     -0.00    1.33
   2052   1785.51    151.28    243.49    440.90     -0.00    1.32
   2053   1793.65    169.42    302.97    461.00      0.00    1.49
   2054   1826.89    206.92    346.27    602.20      0.00    1.74
   2055   1813.53    193.06    322.73    521.00      0.00    1.59
   2056   1806.71    166.19    304.84    486.00     -0.00    1.33
   2057   1815.97    217.28    435.06    658.10      0.00    1.70
   2058   1786.34    177.87    260.22    479.20      0.00    1.37
   2059   1802.05    219.41    445.30    649.10     -0.00    1.63
   2060   1787.30    191.52    405.03    643.90      0.00    1.37
   2061   1791.46    207.69    383.84    616.80      0.00    1.45
   2062   1827.76    194.38    400.84    587.20      0.00    1.33
   2063   1787.63    166.43    307.85    473.50      0.00    1.11
   2064   1771.79    180.20    312.99    523.70      0.00    1.17
   2065   1826.09    170.85    211.24    375.70      0.00    1.12
   2066   1817.75    184.24    302.37    520.50     -0.00    1.19
   2067   1818.45    194.93    267.12    476.60      0.00    1.24
   2068   1804.45    207.52    134.38    368.20     -0.00    1.27
   2069   1818.70    228.29    292.01    514.60      0.00    1.39
   2070   1841.54    166.44    379.56    583.10     -0.00    0.99
   2071   1827.64    178.45    280.50    430.70      0.00    1.04
   2072   1799.80    170.52    244.45    441.80     -0.00    0.97
   2073   1784.00    221.25    490.95    757.50     -0.00    1.22
   2074   1816.79    192.58    422.52    606.80      0.00    1.06
   2075   1814.13    219.29    345.74    581.30      0.00    1.19
   2076   1805.30    194.77    484.73    706.60     -0.00    1.01
   2077   1824.35    208.20    508.00    757.20     -0.00    1.08
   2078   1802.95    233.25    212.28    483.40      0.00    1.19
   2079   1806.79    176.58    214.52    396.30      0.00    0.88
   2080   1812.18    224.49    456.31    683.80     -0.00    1.11
   2081   1831.22    160.26    191.61    377.60      0.00    0.78
   2082   1804.54    252.90    253.90    533.60      0.00    1.20
   2083   1778.92    247.16    448.92    718.40     -0.00    1.15
   2084   1835.51    172.37    146.49    313.80     -0.00    0.79
   2085   1788.78    223.23    498.30    739.00     -0.00    1.01
   2086   1810.35    232.12    488.98    764.10      0.00    1.04
   2087   1824.83    210.43    217.22    410.90     -0.00    0.93
   2088   1827.05    201.58    187.70    419.80      0.00    0.88
   2089   1828.76    213.52    317.30    520.40      0.00    0.91
   2090   1811.18    162.68    179.13    363.00      0.00    0.68
   2091   1784.14    204.26    355.95    551.30      0.00    0.85
   2092   1799.09    219.42    549.49    834.80     -0.00    0.88
   2093   1825.75    190.91    199.95    405.10     -0.00    0.78
   2094   1807.54    213.33    278.62    506.90     -0.00    0.83
   2095   1807.96    199.40    332.67    509.40     -0.00    0.77
   2096   1834.65    211.24    409.69    679.20     -0.00    0.83
   2097   1819.34    189.08    273.78    431.60      0.00    0.70
   2098   1807.80    209.40    364.71    608.50      0.00    0.80
   2099   1829.63    248.77    460.45    766.70     -0.00    0.92
   2101   3631.09    399.44    546.13    954.30     -0.00    1.45
   2102   1786.03    176.30    303.91    490.30      0.00    0.62
   2103   1801.15    174.33    201.32    360.70      0.00    0.61
   2104   1794.88    184.92    249.92    500.80      0.00    0.64

 Maximum water balance error:    1.52587891E-05

